# relative_time, cycles_done, cur_item, corpus_count, pending_total, pending_favs, map_size, saved_crashes, saved_hangs, max_depth, execs_per_sec, total_execs, edges_found
61, 0, 0, 4, 0, 0, 0.00%, 0, 0, 1, 13.30, 899, 0
66, 0, 0, 4, 0, 0, 0.00%, 0, 0, 1, 13.42, 968, 0
71, 0, 0, 4, 0, 0, 0.00%, 0, 0, 1, 13.42, 1036, 0
76, 0, 0, 4, 0, 0, 0.00%, 0, 0, 1, 13.21, 1105, 0
81, 0, 0, 4, 0, 0, 0.00%, 0, 0, 1, 13.01, 1171, 0
86, 1, 0, 4, 0, 0, 0.00%, 0, 0, 1, 13.22, 1240, 0
92, 1, 0, 4, 0, 0, 0.00%, 0, 0, 1, 13.26, 1309, 0
97, 1, 0, 4, 0, 0, 0.00%, 0, 0, 1, 13.14, 1375, 0
102, 1, 0, 4, 0, 0, 0.00%, 0, 0, 1, 13.04, 1441, 0
107, 1, 0, 4, 0, 0, 0.00%, 0, 0, 1, 13.80, 1512, 0
112, 1, 0, 4, 0, 0, 0.00%, 0, 0, 1, 14.33, 1586, 0
117, 1, 0, 4, 0, 0, 0.00%, 0, 0, 1, 14.36, 1659, 0
122, 1, 0, 4, 0, 0, 0.00%, 0, 0, 1, 14.54, 1732, 0
127, 1, 0, 4, 0, 0, 0.00%, 0, 0, 1, 14.74, 1807, 0
132, 1, 0, 4, 0, 0, 0.00%, 0, 0, 1, 14.60, 1881, 0
137, 1, 0, 4, 0, 0, 0.00%, 0, 0, 1, 14.71, 1957, 0
142, 1, 0, 4, 0, 0, 0.00%, 0, 0, 1, 14.39, 2032, 0
148, 1, 0, 4, 0, 0, 0.00%, 0, 0, 1, 14.06, 2102, 0
153, 1, 0, 4, 0, 0, 0.00%, 0, 0, 1, 14.47, 2178, 0
158, 1, 0, 4, 0, 0, 0.00%, 0, 0, 1, 14.64, 2253, 0
163, 1, 0, 4, 0, 0, 0.00%, 0, 0, 1, 14.56, 2329, 0
168, 2, 0, 4, 0, 0, 0.00%, 0, 0, 1, 14.65, 2403, 0
173, 2, 0, 4, 0, 0, 0.00%, 0, 0, 1, 14.75, 2480, 0
178, 2, 0, 4, 0, 0, 0.00%, 0, 0, 1, 14.58, 2555, 0
184, 2, 0, 4, 0, 0, 0.00%, 0, 0, 1, 14.84, 2631, 0
189, 2, 0, 4, 0, 0, 0.00%, 0, 0, 1, 14.66, 2704, 0
194, 2, 0, 4, 0, 0, 0.00%, 0, 0, 1, 14.44, 2777, 0
199, 2, 0, 4, 0, 0, 0.00%, 0, 0, 1, 13.59, 2843, 0
204, 2, 0, 4, 0, 0, 0.00%, 0, 0, 1, 13.36, 2912, 0
209, 2, 0, 4, 0, 0, 0.00%, 0, 0, 1, 13.42, 2981, 0
214, 2, 0, 4, 0, 0, 0.00%, 0, 0, 1, 12.77, 3047, 0
219, 2, 0, 4, 0, 0, 0.00%, 0, 0, 1, 12.46, 3110, 0
225, 2, 0, 4, 0, 0, 0.00%, 0, 0, 1, 12.71, 3176, 0
230, 2, 0, 4, 0, 0, 0.00%, 0, 0, 1, 12.95, 3242, 0
235, 2, 0, 4, 0, 0, 0.00%, 0, 0, 1, 12.90, 3308, 0
240, 2, 0, 4, 0, 0, 0.00%, 0, 0, 1, 12.49, 3370, 0
245, 2, 0, 4, 0, 0, 0.00%, 0, 0, 1, 12.00, 3432, 0
250, 3, 0, 4, 0, 0, 0.00%, 0, 0, 1, 12.64, 3498, 0
255, 3, 0, 4, 0, 0, 0.00%, 0, 0, 1, 12.69, 3563, 0
261, 3, 0, 4, 0, 0, 0.00%, 0, 0, 1, 12.49, 3626, 0
266, 3, 0, 4, 0, 0, 0.00%, 0, 0, 1, 11.70, 3685, 0
271, 3, 0, 4, 0, 0, 0.00%, 0, 0, 1, 12.91, 3751, 0
276, 3, 0, 4, 0, 0, 0.00%, 0, 0, 1, 13.09, 3820, 0
281, 3, 0, 4, 0, 0, 0.00%, 0, 0, 1, 12.89, 3886, 0
286, 3, 0, 4, 0, 0, 0.00%, 0, 0, 1, 12.86, 3952, 0
291, 3, 0, 4, 0, 0, 0.00%, 0, 0, 1, 12.98, 4018, 0
297, 3, 0, 4, 0, 0, 0.00%, 0, 0, 1, 12.75, 4084, 0
302, 3, 0, 4, 0, 0, 0.00%, 0, 0, 1, 12.66, 4148, 0
307, 3, 0, 4, 0, 0, 0.00%, 0, 0, 1, 13.00, 4214, 0
312, 3, 0, 4, 0, 0, 0.00%, 0, 0, 1, 12.91, 4280, 0
317, 3, 0, 4, 0, 0, 0.00%, 0, 0, 1, 12.86, 4346, 0
322, 3, 0, 4, 0, 0, 0.00%, 0, 0, 1, 13.20, 4412, 0
327, 3, 0, 4, 0, 0, 0.00%, 0, 0, 1, 13.18, 4478, 0
332, 3, 0, 4, 0, 0, 0.00%, 0, 0, 1, 13.04, 4545, 0
337, 3, 0, 4, 0, 0, 0.00%, 0, 0, 1, 12.71, 4611, 0
342, 4, 0, 4, 0, 0, 0.00%, 0, 0, 1, 12.96, 4677, 0
348, 4, 0, 4, 0, 0, 0.00%, 0, 0, 1, 12.51, 4740, 0
353, 4, 0, 4, 0, 0, 0.00%, 0, 0, 1, 13.87, 4811, 0
358, 4, 0, 4, 0, 0, 0.00%, 0, 0, 1, 14.15, 4882, 0
363, 4, 0, 4, 0, 0, 0.00%, 0, 0, 1, 14.19, 4956, 0
368, 4, 0, 4, 0, 0, 0.00%, 0, 0, 1, 13.73, 5026, 0
373, 4, 0, 4, 0, 0, 0.00%, 0, 0, 1, 12.99, 5091, 0
378, 4, 0, 4, 0, 0, 0.00%, 0, 0, 1, 12.89, 5157, 0
383, 4, 0, 4, 0, 0, 0.00%, 0, 0, 1, 12.70, 5220, 0
388, 4, 0, 4, 0, 0, 0.00%, 0, 0, 1, 13.16, 5286, 0
394, 4, 0, 4, 0, 0, 0.00%, 0, 0, 1, 13.26, 5355, 0
399, 4, 0, 4, 0, 0, 0.00%, 0, 0, 1, 13.15, 5421, 0
404, 4, 0, 4, 0, 0, 0.00%, 0, 0, 1, 12.98, 5487, 0
409, 4, 0, 4, 0, 0, 0.00%, 0, 0, 1, 13.12, 5556, 0
414, 4, 0, 4, 0, 0, 0.00%, 0, 0, 1, 13.20, 5622, 0
419, 4, 0, 4, 0, 0, 0.00%, 0, 0, 1, 13.22, 5691, 0
424, 4, 0, 4, 0, 0, 0.00%, 0, 0, 1, 12.82, 5756, 0
429, 5, 0, 4, 0, 0, 0.00%, 0, 0, 1, 13.01, 5822, 0
434, 5, 0, 4, 0, 0, 0.00%, 0, 0, 1, 12.85, 5887, 0
440, 5, 0, 4, 0, 0, 0.00%, 0, 0, 1, 12.77, 5953, 0
445, 5, 0, 4, 0, 0, 0.00%, 0, 0, 1, 12.71, 6016, 0
450, 5, 0, 4, 0, 0, 0.00%, 0, 0, 1, 12.85, 6081, 0
455, 5, 0, 4, 0, 0, 0.00%, 0, 0, 1, 12.80, 6145, 0
460, 5, 0, 4, 0, 0, 0.00%, 0, 0, 1, 13.14, 6211, 0
465, 5, 0, 4, 0, 0, 0.00%, 0, 0, 1, 13.57, 6280, 0
470, 5, 0, 4, 0, 0, 0.00%, 0, 0, 1, 14.33, 6355, 0
475, 5, 0, 4, 0, 0, 0.00%, 0, 0, 1, 13.66, 6425, 0
481, 5, 0, 4, 0, 0, 0.00%, 0, 0, 1, 14.39, 6501, 0
486, 5, 0, 4, 0, 0, 0.00%, 0, 0, 1, 14.42, 6576, 0
491, 5, 0, 4, 0, 0, 0.00%, 0, 0, 1, 14.49, 6650, 0
496, 5, 0, 4, 0, 0, 0.00%, 0, 0, 1, 14.27, 6723, 0
501, 5, 0, 4, 0, 0, 0.00%, 0, 0, 1, 14.12, 6795, 0
506, 5, 0, 4, 0, 0, 0.00%, 0, 0, 1, 13.36, 6863, 0
511, 5, 0, 4, 0, 0, 0.00%, 0, 0, 1, 13.75, 6934, 0
516, 6, 0, 4, 0, 0, 0.00%, 0, 0, 1, 13.73, 7002, 0
522, 6, 0, 4, 0, 0, 0.00%, 0, 0, 1, 14.12, 7075, 0
527, 6, 0, 4, 0, 0, 0.00%, 0, 0, 1, 14.34, 7149, 0
532, 6, 0, 4, 0, 0, 0.00%, 0, 0, 1, 14.36, 7221, 0
537, 6, 0, 4, 0, 0, 0.00%, 0, 0, 1, 13.96, 7293, 0
542, 6, 0, 4, 0, 0, 0.00%, 0, 0, 1, 13.30, 7359, 0
547, 6, 0, 4, 0, 0, 0.00%, 0, 0, 1, 13.39, 7428, 0
552, 6, 0, 4, 0, 0, 0.00%, 0, 0, 1, 13.27, 7497, 0
557, 6, 0, 4, 0, 0, 0.00%, 0, 0, 1, 13.26, 7565, 0
563, 6, 0, 4, 0, 0, 0.00%, 0, 0, 1, 13.06, 7634, 0
568, 6, 0, 4, 0, 0, 0.00%, 0, 0, 1, 12.44, 7697, 0
573, 6, 0, 4, 0, 0, 0.00%, 0, 0, 1, 13.18, 7764, 0
578, 6, 0, 4, 0, 0, 0.00%, 0, 0, 1, 12.94, 7829, 0
583, 6, 0, 4, 0, 0, 0.00%, 0, 0, 1, 13.14, 7895, 0
588, 6, 0, 4, 0, 0, 0.00%, 0, 0, 1, 13.08, 7961, 0
593, 6, 0, 4, 0, 0, 0.00%, 0, 0, 1, 12.96, 8026, 0
598, 6, 0, 4, 0, 0, 0.00%, 0, 0, 1, 12.63, 8091, 0
603, 7, 0, 4, 0, 0, 0.00%, 0, 0, 1, 12.96, 8160, 0
609, 7, 0, 4, 0, 0, 0.00%, 0, 0, 1, 12.58, 8223, 0
614, 7, 0, 4, 0, 0, 0.00%, 0, 0, 1, 12.71, 8289, 0
619, 7, 0, 4, 0, 0, 0.00%, 0, 0, 1, 13.26, 8359, 0
624, 7, 0, 4, 0, 0, 0.00%, 0, 0, 1, 13.05, 8425, 0
629, 7, 0, 4, 0, 0, 0.00%, 0, 0, 1, 13.41, 8491, 0
634, 7, 0, 4, 0, 0, 0.00%, 0, 0, 1, 13.23, 8558, 0
639, 7, 0, 4, 0, 0, 0.00%, 0, 0, 1, 13.34, 8626, 0
644, 7, 0, 4, 0, 0, 0.00%, 0, 0, 1, 13.76, 8696, 0
649, 7, 0, 4, 0, 0, 0.00%, 0, 0, 1, 14.34, 8770, 0
654, 7, 0, 4, 0, 0, 0.00%, 0, 0, 1, 14.13, 8842, 0
660, 7, 0, 4, 0, 0, 0.00%, 0, 0, 1, 13.55, 8910, 0
665, 7, 0, 4, 0, 0, 0.00%, 0, 0, 1, 13.52, 8980, 0
670, 7, 0, 4, 0, 0, 0.00%, 0, 0, 1, 13.11, 9048, 0
675, 7, 0, 4, 0, 0, 0.00%, 0, 0, 1, 12.68, 9113, 0
680, 7, 0, 4, 0, 0, 0.00%, 0, 0, 1, 13.09, 9182, 0
685, 7, 0, 4, 0, 0, 0.00%, 0, 0, 1, 12.91, 9247, 0
691, 8, 0, 4, 0, 0, 0.00%, 0, 0, 1, 12.93, 9315, 0
696, 8, 0, 4, 0, 0, 0.00%, 0, 0, 1, 13.18, 9381, 0
701, 8, 0, 4, 0, 0, 0.00%, 0, 0, 1, 12.90, 9447, 0
706, 8, 0, 4, 0, 0, 0.00%, 0, 0, 1, 13.50, 9519, 0
711, 8, 0, 4, 0, 0, 0.00%, 0, 0, 1, 13.44, 9585, 0
716, 8, 0, 4, 0, 0, 0.00%, 0, 0, 1, 13.61, 9654, 0
721, 8, 0, 4, 0, 0, 0.00%, 0, 0, 1, 13.47, 9723, 0
726, 8, 0, 4, 0, 0, 0.00%, 0, 0, 1, 13.62, 9792, 0
731, 8, 0, 4, 0, 0, 0.00%, 0, 0, 1, 13.79, 9861, 0
736, 8, 0, 4, 0, 0, 0.00%, 0, 0, 1, 13.26, 9927, 0
741, 8, 0, 4, 0, 0, 0.00%, 0, 0, 1, 13.46, 9994, 0
747, 8, 0, 4, 0, 0, 0.00%, 0, 0, 1, 13.73, 10067, 0
752, 8, 0, 4, 0, 0, 0.00%, 0, 0, 1, 12.86, 10133, 0
757, 8, 0, 4, 0, 0, 0.00%, 0, 0, 1, 12.64, 10198, 0
762, 8, 0, 4, 0, 0, 0.00%, 0, 0, 1, 12.95, 10264, 0
767, 8, 0, 4, 0, 0, 0.00%, 0, 0, 1, 13.97, 10337, 0
772, 8, 0, 4, 0, 0, 0.00%, 0, 0, 1, 13.00, 10402, 0
777, 9, 0, 4, 0, 0, 0.00%, 0, 0, 1, 12.98, 10466, 0
782, 9, 0, 4, 0, 0, 0.00%, 0, 0, 1, 12.46, 10530, 0
